[1.0]
[2.0]
[3.0]
[4.0]
[5.0]
[1.0]
[2.0]
[3.0]
[4.0]
[5.0]
[1.0]
[2.0]
[3.0]
[4.0]
[5.0]
[1.0]
[2.0]
[3.0]
[4.0]
[5.0]
[1.0]
[2.0]
[3.0]
[4.0]
[5.0]
[1.0]
[2.0]
[3.0]
[4.0]
[5.0]
[1.0]
[2.0]
[3.0]
[4.0]
[5.0]
[1.0]
[2.0]
[3.0]
[4.0]
[5.0]
[1.0]
[2.0]
[3.0]
[4.0]
[5.0]
[1.0]
[2.0]
[3.0]
[4.0]
[5.0]
[1.0]
[2.0]
[3.0]
[4.0]
[5.0]
[1.0]
[2.0]
[3.0]
[4.0]
[5.0]
[1.0]
[2.0]
[3.0]
[4.0]
[5.0]
[1.0]
[2.0]
[3.0]
[4.0]
[5.0]
[1.0]
[2.0]
[3.0]
[4.0]
[5.0]
[1.0]
[2.0]
[3.0]
[4.0]
[5.0]
[1.0]
[2.0]
[3.0]
[4.0]
[5.0]
[1.0]
[2.0]
[3.0]
[4.0]
[5.0]
[1.0]
[2.0]
[3.0]
[4.0]
[5.0]
[1.0]
[2.0]
[3.0]
[4.0]
[5.0]
[1.0]
[2.0]
[3.0]
[4.0]
[5.0]
[1.0]
[2.0]
[3.0]
[4.0]
[5.0]
[1.0]
[2.0]
[3.0]
[4.0]
[5.0]
[1.0]
[2.0]
[3.0]
[4.0]
[5.0]
[1.0]
[2.0]
[3.0]
[4.0]
[5.0]
[2.0]
[4.0]
[6.0]
[8.0]
[10.0]
[2.0]
[4.0]
[6.0]
[8.0]
[10.0]
[2.0]
[4.0]
[6.0]
[8.0]
[10.0]
[2.0]
[4.0]
[6.0]
[8.0]
[10.0]
[2.0]
[4.0]
[6.0]
[8.0]
[10.0]
[2.0]
[4.0]
[6.0]
[8.0]
[10.0]
[2.0]
[4.0]
[6.0]
[8.0]
[10.0]
[2.0]
[4.0]
[6.0]
[8.0]
[10.0]
[2.0]
[4.0]
[6.0]
[8.0]
[10.0]
[2.0]
[4.0]
[6.0]
[8.0]
[10.0]
[2.0]
[4.0]
[6.0]
[8.0]
[10.0]
[2.0]
[4.0]
[6.0]
[8.0]
[10.0]
[2.0]
[4.0]
[6.0]
[8.0]
[10.0]
[2.0]
[4.0]
[6.0]
[8.0]
[10.0]
[2.0]
[4.0]
[6.0]
[8.0]
[10.0]
[2.0]
[4.0]
[6.0]
[8.0]
[10.0]
[2.0]
[4.0]
[6.0]
[8.0]
[10.0]
[2.0]
[4.0]
[6.0]
[8.0]
[10.0]
[2.0]
[4.0]
[6.0]
[8.0]
[10.0]
[2.0]
[4.0]
[6.0]
[8.0]
[10.0]
[2.0]
[4.0]
[6.0]
[8.0]
[10.0]
[2.0]
[4.0]
[6.0]
[8.0]
[10.0]
[2.0]
[4.0]
[6.0]
[8.0]
[10.0]
[2.0]
[4.0]
[6.0]
[8.0]
[10.0]
[2.0]
[4.0]
[6.0]
[8.0]
[10.0]
[3.0]
[6.0]
[9.0]
[12.0]
[15.0]
[3.0]
[6.0]
[9.0]
[12.0]
[15.0]
[3.0]
[6.0]
[9.0]
[12.0]
[15.0]
[3.0]
[6.0]
[9.0]
[12.0]
[15.0]
[3.0]
[6.0]
[9.0]
[12.0]
[15.0]
[3.0]
[6.0]
[9.0]
[12.0]
[15.0]
[3.0]
[6.0]
[9.0]
[12.0]
[15.0]
[3.0]
[6.0]
[9.0]
[12.0]
[15.0]
[3.0]
[6.0]
[9.0]
[12.0]
[15.0]
[3.0]
[6.0]
[9.0]
[12.0]
[15.0]
[3.0]
[6.0]
[9.0]
[12.0]
[15.0]
[3.0]
[6.0]
[9.0]
[12.0]
[15.0]
[3.0]
[6.0]
[9.0]
[12.0]
[15.0]
[3.0]
[6.0]
[9.0]
[12.0]
[15.0]
[3.0]
[6.0]
[9.0]
[12.0]
[15.0]
[3.0]
[6.0]
[9.0]
[12.0]
[15.0]
[3.0]
[6.0]
[9.0]
[12.0]
[15.0]
[3.0]
[6.0]
[9.0]
[12.0]
[15.0]
[3.0]
[6.0]
[9.0]
[12.0]
[15.0]
[3.0]
[6.0]
[9.0]
[12.0]
[15.0]
[3.0]
[6.0]
[9.0]
[12.0]
[15.0]
[3.0]
[6.0]
[9.0]
[12.0]
[15.0]
[3.0]
[6.0]
[9.0]
[12.0]
[15.0]
[3.0]
[6.0]
[9.0]
[12.0]
[15.0]
[3.0]
[6.0]
[9.0]
[12.0]
[15.0]
[4.0]
[8.0]
[12.0]
[16.0]
[20.0]
[4.0]
[8.0]
[12.0]
[16.0]
[20.0]
[4.0]
[8.0]
[12.0]
[16.0]
[20.0]
[4.0]
[8.0]
[12.0]
[16.0]
[20.0]
[4.0]
[8.0]
[12.0]
[16.0]
[20.0]
[4.0]
[8.0]
[12.0]
[16.0]
[20.0]
[4.0]
[8.0]
[12.0]
[16.0]
[20.0]
[4.0]
[8.0]
[12.0]
[16.0]
[20.0]
[4.0]
[8.0]
[12.0]
[16.0]
[20.0]
[4.0]
[8.0]
[12.0]
[16.0]
[20.0]
[4.0]
[8.0]
[12.0]
[16.0]
[20.0]
[4.0]
[8.0]
[12.0]
[16.0]
[20.0]
[4.0]
[8.0]
[12.0]
[16.0]
[20.0]
[4.0]
[8.0]
[12.0]
[16.0]
[20.0]
[4.0]
[8.0]
[12.0]
[16.0]
[20.0]
[4.0]
[8.0]
[12.0]
[16.0]
[20.0]
[4.0]
[8.0]
[12.0]
[16.0]
[20.0]
[4.0]
[8.0]
[12.0]
[16.0]
[20.0]
[4.0]
[8.0]
[12.0]
[16.0]
[20.0]
[4.0]
[8.0]
[12.0]
[16.0]
[20.0]
[4.0]
[8.0]
[12.0]
[16.0]
[20.0]
[4.0]
[8.0]
[12.0]
[16.0]
[20.0]
[4.0]
[8.0]
[12.0]
[16.0]
[20.0]
[4.0]
[8.0]
[12.0]
[16.0]
[20.0]
[4.0]
[8.0]
[12.0]
[16.0]
[20.0]
[5.0]
[10.0]
[15.0]
[20.0]
[25.0]
[5.0]
[10.0]
[15.0]
[20.0]
[25.0]
[5.0]
[10.0]
[15.0]
[20.0]
[25.0]
[5.0]
[10.0]
[15.0]
[20.0]
[25.0]
[5.0]
[10.0]
[15.0]
[20.0]
[25.0]
[5.0]
[10.0]
[15.0]
[20.0]
[25.0]
[5.0]
[10.0]
[15.0]
[20.0]
[25.0]
[5.0]
[10.0]
[15.0]
[20.0]
[25.0]
[5.0]
[10.0]
[15.0]
[20.0]
[25.0]
[5.0]
[10.0]
[15.0]
[20.0]
[25.0]
[5.0]
[10.0]
[15.0]
[20.0]
[25.0]
[5.0]
[10.0]
[15.0]
[20.0]
[25.0]
[5.0]
[10.0]
[15.0]
[20.0]
[25.0]
[5.0]
[10.0]
[15.0]
[20.0]
[25.0]
[5.0]
[10.0]
[15.0]
[20.0]
[25.0]
[5.0]
[10.0]
[15.0]
[20.0]
[25.0]
[5.0]
[10.0]
[15.0]
[20.0]
[25.0]
[5.0]
[10.0]
[15.0]
[20.0]
[25.0]
[5.0]
[10.0]
[15.0]
[20.0]
[25.0]
[5.0]
[10.0]
[15.0]
[20.0]
[25.0]
[5.0]
[10.0]
[15.0]
[20.0]
[25.0]
[5.0]
[10.0]
[15.0]
[20.0]
[25.0]
[5.0]
[10.0]
[15.0]
[20.0]
[25.0]
[5.0]
[10.0]
[15.0]
[20.0]
[25.0]
[5.0]
[10.0]
[15.0]
[20.0]
[25.0]
